1	Noah	19144	1
2	Liam	18342	2
3	Mason	17092	4
4	Jacob	16712	3
5	William	16687	5
6	Ethan	15619	6
7	Michael	15323	7
8	Alexander	15293	8
9	James	14301	13
10	Daniel	13829	10
11	Elijah	13694	11
12	Benjamin	13687	14
13	Logan	13579	17
14	Aiden	13296	12
15	Jayden	12878	9
16	Matthew	12809	15
17	Jackson	12121	16
18	David	12078	18
19	Lucas	12078	23
20	Joseph	11995	20
21	Anthony	11490	19
22	Andrew	11069	22
23	Samuel	10859	25
24	Gabriel	10826	24
25	Joshua	10764	21
26	John	10600	27
27	Carter	10599	32
28	Luke	10431	34
29	Dylan	10350	28
30	Christopher	10278	26
31	Isaac	9868	29
32	Oliver	9365	52
33	Henry	9350	37
34	Sebastian	9237	45
35	Caleb	9143	33
36	Owen	9100	38
37	Ryan	9026	30
38	Nathan	8902	31
39	Wyatt	8812	41
40	Hunter	8759	36
41	Jack	8685	40
42	Christian	8388	35
43	Landon	8180	39
44	Jonathan	8035	42
45	Levi	7958	50
46	Jaxon	7635	46
47	Julian	7611	47
48	Isaiah	7530	44
49	Eli	7428	43
50	Aaron	7334	51
51	Charles	7269	57
52	Connor	7195	56
53	Cameron	7013	59
54	Thomas	6972	61
55	Jordan	6810	53
56	Jeremiah	6780	58
57	Nicholas	6713	54
58	Evan	6667	55
59	Adrian	6659	60
60	Gavin	6582	49
61	Robert	6572	62
62	Brayden	6539	48
63	Grayson	6532	78
64	Josiah	6376	69
65	Colton	6339	64
66	Austin	6263	65
67	Angel	6255	67
68	Jace	6254	66
69	Dominic	6205	68
70	Kevin	5859	72
71	Brandon	5804	70
72	Tyler	5785	63
73	Parker	5677	74
74	Ayden	5586	71
75	Jason	5510	79
76	Jose	5442	76
77	Ian	5422	80
78	Chase	5322	77
79	Adam	5293	82
80	Hudson	5199	87
81	Nolan	5181	86
82	Zachary	5137	73
83	Easton	4961	88
84	Blake	4913	75
85	Jaxson	4900	92
86	Cooper	4803	84
87	Lincoln	4785	95
88	Xavier	4726	83
89	Bentley	4722	81
90	Kayden	4691	93
91	Carson	4580	90
92	Brody	4297	94
93	Asher	4279	104
94	Nathaniel	4257	91
95	Ryder	4073	103
96	Justin	3991	85
97	Leo	3936	112
98	Juan	3887	100
99	Luis	3879	96
100	Camden	3872	99
101	Tristan	3872	97
102	Damian	3866	98
103	Elias	3751	113
104	Vincent	3744	101
105	Jase	3719	89
106	Mateo	3704	109
107	Maxwell	3703	108
108	Miles	3639	115
109	Micah	3612	107
110	Sawyer	3571	120
111	Jesus	3504	106
112	Max	3468	111
113	Roman	3435	134
114	Leonardo	3431	131
115	Santiago	3417	126
116	Cole	3404	114
117	Carlos	3402	105
118	Bryson	3397	102
119	Ezra	3372	143
120	Brantley	3322	119
121	Braxton	3320	122
122	Declan	3299	121
123	Eric	3294	118
124	Kaiden	3247	123
125	Giovanni	3230	128
126	Theodore	3191	170
127	Harrison	3184	161
128	Alex	3159	110
129	Diego	3154	130
130	Wesley	3112	139
131	Bryce	3099	117
132	Ivan	3059	137
133	Greyson	3022	149
134	George	2988	157
135	Timothy	2981	125
136	Weston	2944	163
137	Silas	2900	116
138	Jonah	2878	135
139	Antonio	2871	127
140	Colin	2869	124
141	Richard	2857	140
142	Hayden	2851	129
143	Ashton	2797	152
144	Steven	2778	136
145	Axel	2777	167
146	Miguel	2737	133
147	Kaleb	2734	138
148	Bryan	2713	132
149	Preston	2705	148
150	Jayce	2696	146
151	Ryker	2666	164
152	Victor	2664	142
153	Patrick	2658	154
154	Joel	2641	144
155	Grant	2624	168
156	Emmett	2623	173
157	Alejandro	2593	165
158	Marcus	2592	160
159	Jameson	2575	181
160	Edward	2567	145
161	Kingston	2566	190
162	Jude	2564	162
163	Maddox	2554	169
164	Abel	2551	179
165	Emmanuel	2548	171
166	Bennett	2525	194
167	Everett	2520	189
168	Brian	2510	150
169	Jeremy	2506	159
170	Alan	2490	153
171	Kaden	2440	151
172	Jaden	2433	141
173	Riley	2429	156
174	Jesse	2424	158
175	King	2418	193
176	Tucker	2406	180
177	Kai	2387	199
178	Kyle	2370	155
179	Malachi	2352	177
180	Abraham	2351	183
181	Ezekiel	2347	186
182	Calvin	2319	195
183	Oscar	2309	178
184	Bradley	2308	175
185	Luca	2291	202
186	Avery	2269	196
187	Aidan	2265	147
188	Zayden	2209	192
189	Mark	2161	184
190	Jake	2154	166
191	Kenneth	2128	187
192	Maximus	2118	200
193	Sean	2107	185
194	Karter	2103	300
195	Brady	2083	174
196	Nicolas	2060	191
197	Cayden	2037	172
198	Caden	2027	182
199	Graham	2026	203
200	Jayceon	2006	206
201	Paul	1987	198
202	Gage	1923	188
203	Corbin	1910	217
204	Peter	1899	208
205	Derek	1874	205
206	Maverick	1862	273
207	Jorge	1841	207
208	Tanner	1840	197
209	Jax	1836	223
210	Peyton	1828	209
211	Xander	1824	219
212	Amir	1809	216
213	Gael	1802	176
214	Omar	1795	204
215	Iker	1787	226
216	Javier	1761	222
217	Elliot	1750	241
218	Jasper	1731	248
219	Rylan	1726	201
220	Cody	1722	214
221	Dean	1700	238
222	Andres	1696	212
223	Collin	1688	211
224	Zane	1674	215
225	Charlie	1670	233
226	Myles	1655	224
227	Lorenzo	1628	237
228	Beau	1622	270
229	Conner	1620	221
230	Lukas	1619	242
231	Simon	1602	229
232	Francisco	1591	218
233	Elliott	1574	244
234	Finn	1567	250
235	Gunner	1564	239
236	Garrett	1552	227
237	Jaiden	1552	213
238	Keegan	1547	249
239	Rowan	1531	295
240	Israel	1523	245
241	Griffin	1522	225
242	August	1520	319
243	Judah	1514	265
244	Beckett	1511	279
245	Brooks	1507	301
246	Zander	1507	230
247	Spencer	1506	251
248	Chance	1501	240
249	Damien	1496	228
250	Seth	1490	231
251	Waylon	1486	292
252	Travis	1480	232
253	Devin	1476	210
254	Emiliano	1471	291
255	Zion	1471	236
256	Ricardo	1457	254
257	Erick	1437	260
258	Stephen	1433	252
259	Reid	1425	259
260	Paxton	1422	262
261	Eduardo	1421	220
262	Martin	1421	263
263	Fernando	1393	253
264	Raymond	1386	264
265	Manuel	1370	246
266	Jeffrey	1368	256
267	Felix	1363	296
268	Dallas	1359	302
269	Josue	1359	247
270	Mario	1355	255
271	Clayton	1349	258
272	Caiden	1346	272
273	Cristian	1337	234
274	Troy	1318	275
275	Cash	1316	243
276	Trevor	1312	235
277	Shane	1282	257
278	Kameron	1280	283
279	Cesar	1279	261
280	Emilio	1270	298
281	Andy	1263	293
282	Tyson	1262	269
283	Andre	1260	268
284	Donovan	1258	281
285	Titus	1246	316
286	Knox	1238	345
287	River	1223	372
288	Kyler	1218	276
289	Louis	1212	315
290	Cruz	1211	278
291	Hector	1209	277
292	Holden	1208	287
293	Rafael	1195	288
294	Landen	1192	271
295	Lane	1189	303
296	Jared	1180	305
297	Edwin	1179	282
298	Messiah	1178	334
299	Johnny	1176	267
300	Edgar	1175	286
301	Johnathan	1173	280
302	Alexis	1172	294
303	Archer	1171	351
304	Anderson	1155	304
305	Trenton	1143	266
306	Arthur	1138	323
307	Sergio	1138	313
308	Marco	1121	284
309	Julius	1119	347
310	Dominick	1118	274
311	Milo	1109	314
312	Dalton	1103	311
313	Remington	1101	363
314	Dante	1100	289
315	Angelo	1098	307
316	Gregory	1096	299
317	Reed	1087	321
318	Jaylen	1082	290
319	Marshall	1079	328
320	Dawson	1073	320
321	Leon	1070	325
322	Drew	1053	297
323	Shawn	1050	308
324	Emerson	1048	329
325	Fabian	1046	312
326	Joaquin	1038	340
327	Walker	1034	369
328	Erik	1030	310
329	Desmond	1029	330
330	Karson	1028	333
331	Emanuel	1015	322
332	Jett	1014	324
333	Ali	1005	350
334	Kendrick	1005	317
335	Aden	991	309
336	Frank	984	327
337	Walter	977	342
338	Rhett	975	425
339	Colt	973	332
340	Amari	970	337
341	Romeo	962	339
342	Cohen	961	368
343	Roberto	959	338
344	Maximiliano	956	354
345	Grady	953	348
346	Barrett	950	357
347	Zaiden	948	335
348	Drake	937	285
349	Gideon	928	370
350	Major	924	366
351	Brendan	911	326
352	Skyler	911	306
353	Derrick	904	331
354	Pedro	902	344
355	Phoenix	901	382
356	Noel	892	383
357	Ruben	889	355
358	Braden	886	336
359	Nehemiah	878	346
360	Dakota	876	353
361	Cade	875	376
362	Kamden	869	352
363	Quinn	868	356
364	Nash	867	464
365	Kason	864	365
366	Ronan	858	434
367	Allen	849	349
368	Porter	849	385
369	Enzo	847	410
370	Atticus	846	404
371	Kash	832	408
372	Jay	831	392
373	Adan	829	360
374	Finley	829	483
375	Matteo	829	377
376	Malik	828	341
377	Abram	823	375
378	Braylon	822	318
379	Ace	818	498
380	Solomon	813	424
381	Gunnar	808	396
382	Clark	806	456
383	Orion	806	399
384	Ismael	805	400
385	Kellan	803	367
386	Brennan	802	343
387	Corey	801	359
388	Tate	796	358
389	Philip	791	386
390	Thiago	791	485
391	Phillip	790	364
392	Esteban	788	390
393	Jayson	786	373
394	Dexter	783	380
395	Jensen	783	437
396	Pablo	780	402
397	Ronald	780	403
398	Dillon	778	378
399	Muhammad	773	422
400	Armando	770	397
401	Bruce	770	416
402	Gerardo	770	393
403	Brycen	764	374
404	Marcos	763	362
405	Kade	758	418
406	Kolton	756	381
407	Damon	755	379
408	Braylen	752	361
409	Russell	752	432
410	Leland	748	388
411	Milan	748	542
412	Prince	748	451
413	Gannon	747	843
414	Enrique	744	387
415	Keith	744	394
416	Rory	741	459
417	Brock	739	384
418	Donald	730	415
419	Tobias	728	491
420	Chandler	724	429
421	Deacon	724	441
422	Cason	723	426
423	Raul	720	409
424	Ty	716	389
425	Scott	714	428
426	Landyn	712	414
427	Mohamed	711	445
428	Colby	706	401
429	Danny	704	391
430	Leonel	704	461
431	Kayson	699	533
432	Warren	693	478
433	Adriel	691	470
434	Dustin	691	433
435	Taylor	691	371
436	Albert	690	421
437	Ryland	690	407
438	Hugo	689	438
439	Keaton	688	420
440	Jamison	685	460
441	Ari	677	419
442	Malcolm	675	444
443	Ellis	673	529
444	Kellen	666	395
445	Maximilian	662	431
446	Davis	660	442
447	Saul	659	439
448	Tony	658	435
449	Rocco	652	423
450	Zachariah	652	398
451	Jerry	650	450
452	Julio	650	411
453	Franklin	649	495
454	Arjun	648	501
455	Ibrahim	646	449
456	Nico	644	484
457	Jaxton	640	473
458	Jakob	637	417
459	Izaiah	633	447
460	Moises	632	504
461	Cyrus	629	436
462	Lawrence	628	471
463	Sullivan	628	505
464	Finnegan	625	462
465	Khalil	623	466
466	Mathew	621	430
467	Case	618	507
468	Jaime	618	427
469	Alec	616	453
470	Pierce	616	463
471	Quentin	610	406
472	Kasen	609	465
473	Darius	607	412
474	Colten	605	443
475	Royce	601	519
476	Odin	594	573
477	Kane	590	541
478	Francis	589	506
479	Raiden	589	526
480	Trey	584	405
481	Daxton	583	560
482	Gustavo	581	457
483	Rhys	578	489
484	Alijah	577	509
485	Lawson	574	511
486	Beckham	573	523
487	Moses	573	468
488	Rodrigo	571	413
489	Armani	570	486
490	Uriel	570	482
491	Dennis	569	455
492	Marvin	567	499
493	Harvey	566	616
494	Kian	565	583
495	Raylan	563	512
496	Darren	562	467
497	Frederick	562	492
498	Mohammed	561	555
499	Trent	561	440
500	Jonas	558	488
501	Zayne	558	479
502	Callen	557	592
503	Matias	556	563
504	Mitchell	555	458
505	Kyrie	554	590
506	Uriah	554	539
507	Tristen	548	452
508	Sterling	545	581
509	Theo	542	666
510	Larry	541	477
511	Randy	541	448
512	Korbin	540	527
513	Alberto	537	474
514	Chris	535	454
515	Gianni	535	532
516	Killian	535	766
517	Princeton	535	636
518	Arturo	534	510
519	Ricky	534	496
520	Malakai	532	564
521	Aarav	531	530
522	Asa	531	554
523	Jimmy	531	481
524	Alfredo	524	503
525	Alonzo	524	500
526	Benson	524	577
527	Braydon	522	472
528	Devon	522	446
529	Curtis	520	476
530	Casey	519	490
531	Justice	518	475
532	Roy	517	524
533	Sam	516	552
534	Legend	515	719
535	Dorian	513	544
536	Nikolai	513	586
537	Kobe	512	494
538	Winston	512	625
539	Arlo	511	677
540	Reece	511	518
541	Lance	505	570
542	Wade	505	546
543	Cannon	504	547
544	Augustus	499	688
545	Hayes	498	608
546	Hendrix	498	745
547	Isaias	498	536
548	Neymar	498	646
549	Ahmed	497	521
550	Jaxen	496	493
551	Nasir	496	517
552	Brayan	495	508
553	Issac	495	469
554	Ronin	494	773
555	Talon	494	497
556	Boston	493	567
557	Moshe	493	553
558	Orlando	491	562
559	Vihaan	491	593
560	Gary	490	578
561	Bowen	489	589
562	Luka	489	585
563	Nikolas	489	514
564	Yahir	489	480
565	Joe	488	556
566	Leonidas	488	701
567	Quinton	488	548
568	Luciano	486	594
569	Ezequiel	485	561
570	Ayaan	484	627
571	Ahmad	483	568
572	Jalen	482	502
573	Royal	482	899
574	Jamari	481	537
575	Noe	481	605
576	Kieran	480	557
577	Mauricio	480	522
578	Conor	479	572
579	Johan	477	531
580	Matthias	475	610
581	Bryant	472	549
582	Mathias	472	634
583	Maurice	472	528
584	Roger	472	558
585	Lennox	469	678
586	Nathanael	469	565
587	Nixon	469	587
588	Mohammad	468	575
589	Yusuf	468	606
590	Eddie	463	604
591	Kristopher	462	538
592	Tatum	462	545
593	Jacoby	461	487
594	Wilson	459	633
595	Alvin	457	571
596	Raphael	455	597
597	Lewis	453	640
598	Douglas	452	540
599	Mekhi	452	513
600	Salvador	448	584
601	Eden	447	643
602	Hank	446	626
603	Cullen	445	574
604	Dax	441	642
605	Toby	441	550
606	Rayan	439	670
607	Emmitt	438	622
608	Lucian	437	631
609	Jefferson	435	609
610	Casen	433	685
611	London	433	607
612	Roland	433	665
613	Carl	431	580
614	Crosby	431	649
615	Bodhi	430	810
616	Dominik	429	569
617	Niko	428	588
618	Zackary	427	566
619	Deandre	425	576
620	Hamza	425	655
621	Remy	424	753
622	Quincy	422	603
623	Alessandro	421	630
624	Sincere	420	617
625	Dane	419	551
626	Terry	418	595
627	Otto	416	696
628	Samson	416	671
629	Madden	415	613
630	Jasiah	414	658
631	Layne	414	615
632	Santino	414	637
633	Rohan	412	601
634	Abdullah	411	652
635	Brentley	409	657
636	Marc	409	648
637	Skylar	409	543
638	Bo	408	735
639	Kyson	408	702
640	Soren	408	656
641	Harley	407	621
642	Nelson	407	582
643	Layton	406	717
644	Payton	406	525
645	Aldo	405	534
646	Atlas	404	789
647	Ramon	404	598
648	Reese	403	602
649	Conrad	402	691
650	Morgan	402	662
651	Ernesto	400	628
652	Byron	399	516
653	Carmelo	399	515
654	Sage	399	736
655	Neil	397	623
656	Kristian	396	618
657	Oakley	394	771
658	Tomas	390	689
659	Flynn	388	664
660	Lionel	387	733
661	Kylan	386	673
662	Leonard	384	687
663	Rex	384	632
664	Brett	383	672
665	Jeffery	383	629
666	Duke	382	718
667	Sylas	381	520
668	Callan	379	785
669	Tripp	378	639
670	Bruno	377	647
671	Zechariah	377	680
672	Melvin	376	620
673	Branson	375	674
674	Blaine	374	579
675	Jon	374	638
676	Julien	374	619
677	Arian	372	535
678	Guillermo	372	686
679	Zain	372	663
680	Rayden	370	747
681	Brodie	369	703
682	Crew	367	732
683	Memphis	367	635
684	Kelvin	365	611
685	Stanley	365	679
686	Joey	364	644
687	Emery	361	741
688	Terrance	359	612
689	Channing	358	559
690	Edison	358	659
691	Lennon	358	769
692	Demetrius	357	596
693	Amos	356	778
694	Cayson	356	825
695	Rodney	355	624
696	Cory	353	650
697	Elian	352	744
698	Xzavier	350	599
699	Bronson	349	675
700	Bentlee	348	614
701	Lee	348	668
702	Dayton	345	700
703	Chad	344	667
704	Cassius	343	760
705	Jagger	342	698
706	Fletcher	340	790
707	Omari	340	730
708	Alonso	339	684
709	Yosef	339	709
710	Westin	338	695
711	Brenden	337	591
712	Makai	337	693
713	Felipe	335	724
714	Harry	335	707
715	Alden	334	704
716	Maxim	334	729
717	Nickolas	334	645
718	Davion	332	654
719	Forrest	332	841
720	Allan	331	653
721	Enoch	331	836
722	Willie	331	708
723	Ben	329	749
724	Terrence	329	712
725	Tommy	329	661
726	Adonis	327	697
727	Cain	327	784
728	Harper	327	660
729	Callum	325	787
730	Jermaine	325	738
731	Kody	324	727
732	Thaddeus	324	797
733	Ray	323	676
734	Kamari	322	725
735	Aydin	321	705
736	Zeke	321	858
737	Markus	320	796
738	Ariel	319	758
739	Elisha	319	694
740	Lucca	319	829
741	Marcelo	319	808
742	Shaun	319	714
743	Aryan	317	692
744	Vicente	317	734
745	Aron	315	715
746	Keagan	314	699
747	Marlon	314	711
748	Langston	313	957
749	Ulises	313	806
750	Anders	312	891
751	Kareem	312	681
752	Bobby	311	669
753	Davian	310	768
754	Kendall	310	651
755	Ronnie	310	743
756	Jadiel	309	777
757	Samir	309	770
758	Alexzander	308	748
759	Hassan	308	822
760	Kingsley	308	926
761	Axton	307	859
762	Trace	307	641
763	Will	307	740
764	Jamal	305	754
765	Valentino	305	706
766	Yousef	305	849
767	Brecken	304	877
768	Fisher	302	862
769	Giovani	302	742
770	Kaysen	302	934
771	Maxton	300	818
772	Mayson	300	780
773	Van	300	840
774	Hezekiah	297	889
775	Blaze	296	716
776	Kolten	296	828
777	Misael	296	801
778	Javon	295	746
779	Kolby	295	752
780	Rogelio	295	737
781	Ares	294	904
782	Jedidiah	294	872
783	Bode	293	1454
784	Leandro	293	786
785	Cedric	292	814
786	Jamie	292	767
787	Rowen	292	970
788	Urijah	292	755
789	Wayne	291	765
790	Eugene	289	779
791	Kole	288	728
792	Camron	287	750
793	Darian	287	775
794	Billy	286	690
795	Kase	286	830
796	Rene	286	772
797	Duncan	285	821
798	Adrien	284	795
799	Alfred	284	967
800	Maison	284	942
801	Apollo	283	969
802	Braeden	283	710
803	Mack	283	812
804	Clyde	282	999
805	Reginald	282	683
806	Anson	281	968
807	Jerome	281	762
808	Ishaan	280	804
809	Jessie	280	720
810	Javion	279	817
811	Micheal	278	682
812	Vincenzo	278	781
813	Camdyn	277	871
814	Gauge	277	739
815	Keenan	277	949
816	Gerald	275	726
817	Franco	274	888
818	Junior	274	763
819	Justus	274	811
820	Jamir	273	807
821	Marley	273	876
822	Terrell	273	721
823	Giancarlo	272	776
824	Braiden	271	759
825	Brantlee	271	884
826	Draven	271	803
827	Titan	271	908
828	Harold	270	893
829	Landry	270	764
830	Zayn	270	900
831	Briggs	269	910
832	Kyree	269	757
833	Chaim	268	731
834	Dilan	268	880
835	Joziah	268	894
836	Marquis	268	800
837	Jonathon	265	792
838	Azariah	264	834
839	Kenny	264	793
840	Amare	263	600
841	Brent	263	783
842	Clay	263	722
843	Stetson	263	950
844	Tyrone	263	794
845	Blaise	262	912
846	Dariel	262	1010
847	Lamar	262	713
848	Reuben	262	898
849	Alfonso	261	782
850	Axl	261	1466
851	Stefan	260	835
852	Finnley	259	1057
853	Marcel	259	799
854	Jaydon	258	756
855	Kalel	257	965
856	Triston	257	761
857	Darrell	256	788
858	Steve	256	874
859	Abdiel	255	802
860	Lyric	255	805
861	Gibson	254	823
862	Thatcher	254	992
863	Henrik	253	1061
864	Jadon	253	868
865	Jairo	253	791
866	Rudy	253	813
867	Castiel	252	956
868	Emory	252	896
869	Hugh	251	915
870	Konnor	250	832
871	Graysen	249	1029
872	Cristiano	247	947
873	Deshawn	247	819
874	Eliezer	247	1032
875	Kamdyn	247	869
876	Miller	247	943
877	Rylee	247	946
878	Tristian	247	774
879	Agustin	246	1008
880	Ernest	246	933
881	Dwayne	245	723
882	Dimitri	244	1028
883	Ford	244	1050
884	Rey	244	914
885	Zavier	244	798
886	Arnav	242	901
887	Santana	242	971
888	Vance	242	866
889	Jamarion	241	751
890	Ramiro	241	864
891	Sonny	241	846
892	Brice	240	847
893	Leighton	240	1045
894	Gilbert	239	885
895	Jordyn	239	844
896	Kaeden	238	923
897	Anton	237	1021
898	Coen	237	1191
899	Salvatore	237	883
900	Seamus	237	865
901	Zaire	237	935
902	Aaden	236	981
903	Chevy	236	1026
904	Lachlan	236	991
905	Rolando	236	845
906	Aydan	235	850
907	Darwin	235	826
908	Randall	235	833
909	Santos	235	873
910	Yael	235	867
911	Grey	234	979
912	Kohen	234	954
913	Rashad	234	870
914	Jayse	233	974
915	Lochlan	233	938
916	Mustafa	233	895
917	Johnathon	232	852
918	Kannon	232	985
919	Konner	232	831
920	Jovani	231	920
921	Maximo	231	839
922	Alvaro	230	842
923	Clinton	230	924
924	Aidyn	229	919
925	Kymani	229	837
926	Davin	228	809
927	Jordy	228	984
928	Ephraim	226	972
929	Frankie	226	816
930	Heath	226	863
931	Houston	226	973
932	Kamron	226	931
933	Craig	225	815
934	Cristopher	224	855
935	Gordon	224	1024
936	Harlan	224	856
937	Turner	224	886
938	Vaughn	224	857
939	Vivaan	224	1113
940	Ameer	223	905
941	Gavyn	223	903
942	Gino	223	940
943	Jovanni	223	861
944	Benton	222	916
945	Rodolfo	222	907
946	Dominique	221	838
947	Jaycob	221	953
948	Jericho	221	930
949	Augustine	220	955
950	Coleman	220	848
951	Dash	220	1144
952	Eliseo	220	1013
953	Khalid	220	1080
954	Quintin	220	853
955	Makhi	219	927
956	Zaid	219	890
957	Anakin	218	1234
958	Baylor	218	1036
959	Emmet	218	1076
960	Judson	218	1020
961	Truman	218	951
962	Camilo	217	994
963	Efrain	217	925
964	Semaj	217	854
965	Camren	216	887
966	Damari	216	1027
967	Kamryn	216	878
968	Deangelo	215	892
969	Giovanny	215	917
970	Mike	215	881
971	Dario	214	989
972	Kale	214	827
973	Broderick	213	998
974	Jayvion	213	1069
975	Kaison	213	1049
976	Koen	213	1052
977	Magnus	213	958
978	Darien	212	1000
979	Teagan	212	929
980	Valentin	212	879
981	Bodie	211	1309
982	Brayson	211	1064
983	Chace	211	875
984	Kylen	209	1127
985	Yehuda	209	1068
986	Bridger	208	909
987	Howard	208	1017
988	Maddux	208	1157
989	Osvaldo	208	959
990	Rocky	208	997
991	Ayan	207	1074
992	Boden	207	1179
993	Foster	207	937
994	Jair	207	820
995	Reyansh	207	1218
996	Tyree	207	962
997	Ean	206	851
998	Leif	205	1006
999	Reagan	205	960
1000	Rylen	205	1083
