1	Emma	20799	2
2	Olivia	19674	3
3	Sophia	18490	1
4	Isabella	16950	4
5	Ava	15586	5
6	Mia	13442	6
7	Emily	12562	7
8	Abigail	11985	8
9	Madison	10247	9
10	Charlotte	10048	11
11	Harper	9564	16
12	Sofia	9542	13
13	Avery	9517	12
14	Elizabeth	9492	10
15	Amelia	8727	17
16	Evelyn	8692	20
17	Ella	8489	15
18	Chloe	8469	14
19	Victoria	7955	25
20	Aubrey	7589	18
21	Grace	7554	22
22	Zoey	7358	24
23	Natalie	7061	21
24	Addison	6950	19
25	Lillian	6869	26
26	Brooklyn	6767	28
27	Lily	6727	27
28	Hannah	6512	23
29	Layla	6428	30
30	Scarlett	5965	42
31	Aria	5893	40
32	Zoe	5828	31
33	Samantha	5680	29
34	Anna	5639	35
35	Leah	5563	33
36	Audrey	5531	32
37	Ariana	5461	54
38	Allison	5440	34
39	Savannah	5433	37
40	Arianna	5240	44
41	Camila	5194	39
42	Penelope	5062	56
43	Gabriella	5051	38
44	Claire	4991	49
45	Aaliyah	4850	36
46	Sadie	4823	50
47	Riley	4761	45
48	Skylar	4732	73
49	Nora	4708	83
50	Sarah	4647	48
51	Hailey	4595	43
52	Kaylee	4513	41
53	Paisley	4473	80
54	Kennedy	4459	64
55	Ellie	4442	74
56	Peyton	4426	51
57	Annabelle	4324	81
58	Caroline	4307	63
59	Madelyn	4289	68
60	Serenity	4284	53
61	Aubree	4258	52
62	Lucy	4257	66
63	Alexa	4227	60
64	Alexis	4188	46
65	Nevaeh	4188	47
66	Stella	4165	70
67	Violet	4156	69
68	Genesis	4144	55
69	Mackenzie	4122	62
70	Bella	4050	58
71	Autumn	4034	65
72	Mila	4033	78
73	Kylie	3928	61
74	Maya	3904	72
75	Piper	3840	97
76	Alyssa	3798	57
77	Taylor	3782	59
78	Eleanor	3704	106
79	Melanie	3681	84
80	Naomi	3677	87
81	Faith	3664	89
82	Eva	3651	88
83	Katherine	3651	77
84	Lydia	3609	96
85	Brianna	3582	71
86	Julia	3578	75
87	Ashley	3539	67
88	Khloe	3518	79
89	Madeline	3409	90
90	Ruby	3383	93
91	Sophie	3364	76
92	Alexandra	3288	82
93	London	3264	85
94	Lauren	3072	91
95	Gianna	3061	86
96	Isabelle	3044	115
97	Alice	3042	107
98	Vivian	3040	119
99	Hadley	2992	111
100	Jasmine	2988	103
101	Morgan	2984	100
102	Kayla	2982	95
103	Cora	2945	127
104	Bailey	2929	105
105	Kimberly	2883	101
106	Reagan	2882	104
107	Hazel	2877	157
108	Clara	2833	131
109	Sydney	2831	98
110	Trinity	2781	108
111	Natalia	2778	120
112	Valentina	2769	129
113	Rylee	2753	109
114	Jocelyn	2744	99
115	Maria	2740	112
116	Aurora	2718	145
117	Eliana	2708	125
118	Brielle	2638	116
119	Liliana	2624	122
120	Mary	2611	121
121	Elena	2598	132
122	Molly	2578	102
123	Makayla	2559	94
124	Lilly	2550	124
125	Andrea	2543	110
126	Quinn	2539	118
127	Jordyn	2533	133
128	Adalynn	2512	173
129	Nicole	2511	92
130	Delilah	2496	135
131	Kendall	2432	130
132	Kinsley	2429	161
133	Ariel	2419	146
134	Payton	2397	123
135	Paige	2395	128
136	Mariah	2383	114
137	Brooke	2375	113
138	Willow	2373	155
139	Jade	2369	126
140	Lyla	2368	153
141	Mya	2367	117
142	Ximena	2323	162
143	Luna	2314	185
144	Isabel	2313	136
145	Mckenzie	2303	140
146	Ivy	2269	152
147	Josephine	2255	160
148	Amy	2178	139
149	Laila	2133	144
150	Isla	2122	167
151	Eden	2117	158
152	Adalyn	2105	177
153	Angelina	2105	147
154	Londyn	2081	164
155	Rachel	2051	138
156	Melody	2048	171
157	Juliana	2045	149
158	Kaitlyn	2044	134
159	Brooklynn	2043	142
160	Destiny	2043	137
161	Emery	2026	194
162	Gracie	2021	166
163	Norah	1994	186
164	Emilia	1989	208
165	Reese	1960	156
166	Elise	1959	159
167	Sara	1949	154
168	Aliyah	1947	148
169	Margaret	1933	181
170	Catherine	1923	172
171	Vanessa	1913	150
172	Katelyn	1910	143
173	Gabrielle	1902	141
174	Arabella	1894	210
175	Valeria	1882	176
176	Valerie	1871	169
177	Adriana	1861	151
178	Everly	1854	383
179	Jessica	1779	163
180	Daisy	1769	198
181	Makenzie	1766	165
182	Summer	1759	188
183	Lila	1758	192
184	Rebecca	1758	178
185	Julianna	1756	190
186	Callie	1751	226
187	Michelle	1737	168
188	Ryleigh	1735	189
189	Presley	1733	199
190	Alaina	1729	180
191	Angela	1722	196
192	Alina	1706	251
193	Harmony	1704	201
194	Rose	1678	224
195	Athena	1677	218
196	Emerson	1670	211
197	Adelyn	1666	212
198	Alana	1664	182
199	Hayden	1656	193
200	Izabella	1653	179
201	Cali	1652	282
202	Marley	1643	209
203	Esther	1638	228
204	Fiona	1636	197
205	Stephanie	1630	195
206	Cecilia	1623	223
207	Kate	1611	184
208	Kinley	1610	205
209	Jayla	1609	174
210	Genevieve	1595	219
211	Alexandria	1589	207
212	Eliza	1585	200
213	Kylee	1580	170
214	Alivia	1579	183
215	Giselle	1573	203
216	Arya	1544	277
217	Alayna	1533	206
218	Leilani	1532	230
219	Adeline	1522	232
220	Jennifer	1514	191
221	Tessa	1510	242
222	Ana	1508	237
223	Finley	1498	290
224	Melissa	1496	202
225	Daniela	1486	222
226	Aniyah	1479	217
227	Daleyza	1461	585
228	Keira	1459	204
229	Charlie	1432	240
230	Lucia	1421	241
231	Hope	1412	233
232	Gabriela	1403	221
233	Mckenna	1388	216
234	Brynlee	1387	269
235	Parker	1386	267
236	Lola	1370	214
237	Amaya	1349	235
238	Miranda	1348	245
239	Maggie	1344	231
240	Anastasia	1328	257
241	Leila	1324	215
242	Lexi	1320	246
243	Georgia	1319	252
244	Kenzie	1317	255
245	Iris	1312	253
246	Jacqueline	1301	239
247	Jordan	1300	260
248	Cassidy	1294	250
249	Vivienne	1289	280
250	Camille	1280	243
251	Noelle	1280	296
252	Adrianna	1272	225
253	Teagan	1272	264
254	Josie	1269	265
255	Juliette	1268	295
256	Annabella	1265	274
257	Allie	1263	220
258	Juliet	1263	238
259	Kendra	1262	187
260	Sienna	1255	263
261	Brynn	1253	213
262	Kali	1247	363
263	Maci	1235	236
264	Danielle	1233	261
265	Haley	1223	229
266	Jenna	1223	227
267	Raelynn	1222	283
268	Delaney	1220	249
269	Paris	1218	258
270	Alexia	1213	175
271	Lyric	1210	276
272	Gemma	1205	316
273	Lilliana	1203	262
274	Chelsea	1191	271
275	Angel	1179	266
276	Evangeline	1177	300
277	Ayla	1169	286
278	Kayleigh	1160	279
279	Lena	1156	331
280	Katie	1149	244
281	Elaina	1145	310
282	Olive	1144	291
283	Madeleine	1138	278
284	Makenna	1138	247
285	Dakota	1136	293
286	Elsa	1131	528
287	Nova	1121	529
288	Nadia	1119	325
289	Alison	1115	297
290	Kaydence	1111	275
291	Journey	1110	334
292	Jada	1107	248
293	Kathryn	1107	272
294	Shelby	1101	259
295	Nina	1091	287
296	Elliana	1089	294
297	Diana	1088	270
298	Phoebe	1086	301
299	Alessandra	1078	299
300	Eloise	1074	338
301	Nyla	1074	312
302	Skyler	1070	362
303	Madilyn	1067	343
304	Adelynn	1058	367
305	Miriam	1057	292
306	Ashlyn	1055	254
307	Amiyah	1051	333
308	Megan	1051	256
309	Amber	1049	288
310	Rosalie	1047	348
311	Annie	1046	354
312	Lilah	1044	307
313	Charlee	1043	324
314	Amanda	1042	298
315	Ruth	1042	329
316	Adelaide	1040	321
317	June	1039	364
318	Laura	1038	322
319	Daniella	1032	289
320	Mikayla	1026	268
321	Raegan	1019	305
322	Jane	1018	355
323	Ashlynn	1015	317
324	Kelsey	1014	306
325	Erin	1013	273
326	Christina	1012	303
327	Joanna	1010	342
328	Fatima	1009	308
329	Allyson	1008	323
330	Talia	1006	351
331	Mariana	1004	340
332	Sabrina	1003	281
333	Haven	1002	372
334	Ainsley	998	332
335	Cadence	998	311
336	Elsie	998	365
337	Leslie	994	284
338	Heaven	984	327
339	Arielle	978	368
340	Maddison	977	356
341	Alicia	967	320
342	Briella	967	346
343	Lucille	966	359
344	Sawyer	955	448
345	Malia	948	335
346	Selena	947	345
347	Heidi	944	353
348	Kyleigh	941	285
349	Harley	940	360
350	Kira	939	357
351	Lana	934	412
352	Sierra	932	347
353	Kiara	920	309
354	Paislee	915	628
355	Alondra	913	315
356	Daphne	913	397
357	Carly	909	318
358	Jaylah	909	234
359	Kyla	909	319
360	Bianca	901	302
361	Baylee	896	344
362	Cheyenne	896	328
363	Macy	887	361
364	Camilla	883	399
365	Catalina	883	395
366	Gia	881	349
367	Vera	881	422
368	Skye	880	427
369	Aylin	878	403
370	Sloane	874	406
371	Myla	873	339
372	Yaretzi	871	304
373	Giuliana	868	314
374	Macie	868	393
375	Veronica	864	337
376	Esmeralda	862	392
377	Lia	855	385
378	Averie	852	378
379	Addyson	851	313
380	Kamryn	850	375
381	Mckinley	850	390
382	Ada	847	436
383	Carmen	846	358
384	Mallory	845	326
385	Jillian	844	341
386	Ariella	839	432
387	Rylie	835	371
388	Sage	834	457
389	Abby	830	352
390	Scarlet	829	370
391	Logan	828	425
392	Tatum	828	330
393	Bethany	824	389
394	Dylan	822	489
395	Elle	818	408
396	Jazmin	817	384
397	Aspen	812	487
398	Camryn	810	382
399	Malaysia	810	479
400	Haylee	807	336
401	Nayeli	805	396
402	Gracelyn	799	407
403	Kamila	792	366
404	Helen	791	409
405	Marilyn	791	373
406	April	790	423
407	Carolina	779	429
408	Amina	776	620
409	Julie	776	404
410	Raelyn	776	414
411	Blakely	771	451
412	Rowan	770	426
413	Angelique	768	539
414	Miracle	768	431
415	Emely	764	417
416	Jayleen	764	391
417	Kennedi	764	443
418	Amira	762	463
419	Briana	761	350
420	Gwendolyn	756	472
421	Justice	756	435
422	Zara	754	482
423	Aleah	752	394
424	Itzel	752	434
425	Bristol	749	418
426	Francesca	748	424
427	Emersyn	742	500
428	Aubrie	738	374
429	Karina	736	386
430	Nylah	735	415
431	Kelly	734	369
432	Anaya	733	478
433	Maliyah	733	387
434	Evelynn	731	547
435	Ember	729	558
436	Melany	729	454
437	Angelica	727	413
438	Jimena	725	453
439	Madelynn	725	400
440	Kassidy	724	430
441	Tiffany	724	433
442	Kara	723	376
443	Jazmine	722	381
444	Jayda	721	380
445	Dahlia	719	439
446	Alejandra	715	420
447	Sarai	710	419
448	Annabel	709	480
449	Holly	708	449
450	Janelle	707	398
451	Braelyn	705	496
452	Gracelynn	705	557
453	River	703	588
454	Viviana	703	445
455	Serena	696	411
456	Brittany	694	421
457	Annalise	693	458
458	Brinley	692	504
459	Madisyn	690	460
460	Eve	688	490
461	Cataleya	687	446
462	Joy	687	475
463	Caitlyn	686	405
464	Anabelle	681	461
465	Emmalyn	681	455
466	Journee	675	506
467	Celeste	674	469
468	Brylee	670	437
469	Luciana	670	515
470	Marlee	668	471
471	Savanna	668	442
472	Anya	667	444
473	Marissa	667	379
474	Jazlyn	663	438
475	Zuri	660	526
476	Kailey	659	452
477	Crystal	657	464
478	Michaela	654	410
479	Lorelei	651	501
480	Guadalupe	650	456
481	Madilynn	649	527
482	Maeve	647	484
483	Hanna	645	377
484	Priscilla	645	485
485	Kyra	643	401
486	Lacey	643	467
487	Nia	642	507
488	Charley	634	513
489	Jamie	633	491
490	Juniper	633	648
491	Cynthia	630	499
492	Karen	630	416
493	Sylvia	630	505
494	Phoenix	629	486
495	Aleena	628	534
496	Caitlin	625	466
497	Felicity	620	579
498	Elisa	617	465
499	Julissa	617	440
500	Rebekah	617	468
501	Evie	615	559
502	Helena	614	549
503	Imani	614	483
504	Karla	614	474
505	Millie	612	598
506	Lilian	611	495
507	Raven	608	516
508	Harlow	605	540
509	Leia	605	571
510	Ryan	603	641
511	Kailyn	602	494
512	Lillie	601	511
513	Amara	600	581
514	Kadence	600	481
515	Lauryn	596	498
516	Cassandra	593	459
517	Kaylie	590	450
518	Madalyn	590	536
519	Anika	589	560
520	Hayley	588	542
521	Bria	587	616
522	Colette	587	608
523	Henley	587	831
524	Amari	585	512
525	Regina	583	574
526	Alanna	582	503
527	Azalea	582	631
528	Fernanda	582	510
529	Jaliyah	582	493
530	Anabella	581	564
531	Adelina	580	619
532	Lilyana	580	514
533	Skyla	580	543
534	Addisyn	577	402
535	Zariah	576	522
536	Bridget	574	523
537	Braylee	572	567
538	Monica	572	502
539	Jayden	569	447
540	Leighton	568	541
541	Gloria	566	525
542	Johanna	564	531
543	Addilyn	563	636
544	Danna	563	470
545	Selah	563	548
546	Aryanna	561	537
547	Kaylin	561	462
548	Aniya	560	508
549	Willa	559	691
550	Angie	558	497
551	Kaia	558	605
552	Kaliyah	557	517
553	Anne	556	519
554	Tiana	556	545
555	Charleigh	555	569
556	Winter	553	673
557	Danica	550	555
558	Alayah	548	613
559	Aisha	543	568
560	Bailee	543	520
561	Kenley	542	544
562	Aileen	540	590
563	Lexie	540	492
564	Janiyah	538	477
565	Braelynn	537	625
566	Liberty	537	532
567	Katelynn	535	488
568	Mariam	535	603
569	Sasha	535	428
570	Lindsey	534	572
571	Montserrat	533	1166
572	Cecelia	530	552
573	Mikaela	530	618
574	Kaelyn	529	441
575	Rosemary	529	533
576	Annika	528	524
577	Tatiana	526	538
578	Cameron	524	566
579	Marie	523	573
580	Dallas	522	610
581	Virginia	519	551
582	Liana	517	565
583	Matilda	517	645
584	Freya	512	908
585	Lainey	511	584
586	Hallie	509	521
587	Jessie	504	591
588	Audrina	500	476
589	Blake	499	550
590	Hattie	497	570
591	Monserrat	496	1165
592	Kiera	494	626
593	Laylah	493	627
594	Greta	492	595
595	Alyson	491	576
596	Emilee	490	518
597	Maryam	490	662
598	Melina	489	587
599	Dayana	488	546
600	Jaelynn	487	596
601	Beatrice	482	593
602	Frances	481	693
603	Elisabeth	479	609
604	Saige	478	649
605	Kensley	477	632
606	Meredith	475	654
607	Aranza	473	4217
608	Rosa	473	656
609	Shiloh	472	633
610	Charli	471	711
611	Elyse	471	578
612	Alani	470	614
613	Mira	469	665
614	Lylah	467	635
615	Linda	466	643
616	Whitney	463	592
617	Alena	462	729
618	Jaycee	461	554
619	Joselyn	460	473
620	Ansley	459	678
621	Kynlee	459	696
622	Miah	459	586
623	Tenley	457	563
624	Breanna	454	509
625	Emelia	454	646
626	Maia	454	639
627	Edith	452	719
628	Pearl	451	677
629	Anahi	450	577
630	Coraline	450	714
631	Samara	450	583
632	Demi	449	732
633	Chanel	448	723
634	Kimber	447	659
635	Lilith	447	826
636	Malaya	446	630
637	Jemma	445	653
638	Myra	444	771
639	Bryanna	443	699
640	Laney	443	676
641	Jaelyn	442	580
642	Kaylynn	442	601
643	Kallie	440	737
644	Natasha	439	582
645	Nathalie	439	553
646	Perla	439	668
647	Amani	437	589
648	Lilianna	437	692
649	Madalynn	436	617
650	Blair	435	718
651	Elianna	434	706
652	Karsyn	433	736
653	Lindsay	433	685
654	Elaine	432	767
655	Dulce	431	556
656	Ellen	431	700
657	Erica	431	562
658	Maisie	431	1124
659	Renata	431	774
660	Kiley	430	530
661	Marina	430	600
662	Remi	429	835
663	Emmy	428	647
664	Ivanna	426	823
665	Amirah	425	810
666	Livia	425	749
667	Amelie	424	604
668	Irene	424	640
669	Mabel	424	707
670	Milan	424	597
671	Armani	422	683
672	Cara	421	621
673	Ciara	418	650
674	Kathleen	418	664
675	Jaylynn	416	622
676	Caylee	415	594
677	Lea	415	599
678	Erika	414	611
679	Paola	413	671
680	Alma	412	701
681	Courtney	412	535
682	Mae	412	674
683	Kassandra	410	709
684	Maleah	410	606
685	Remington	410	1036
686	Leyla	409	623
687	Mina	408	753
688	Ariah	407	716
689	Christine	407	705
690	Jasmin	407	642
691	Kora	407	758
692	Chaya	406	704
693	Karlee	406	612
694	Lailah	405	687
695	Mara	404	751
696	Jaylee	402	652
697	Raquel	402	690
698	Siena	401	688
699	Lennon	399	923
700	Desiree	398	629
701	Hadassah	398	761
702	Kenya	398	602
703	Aliana	397	681
704	Wren	397	807
705	Amiya	396	637
706	Isis	396	575
707	Zaniyah	396	779
708	Avah	393	785
709	Amia	392	988
710	Cindy	391	789
711	Eileen	391	748
712	Kayden	391	762
713	Madyson	391	660
714	Celine	389	780
715	Aryana	388	746
716	Everleigh	388	865
717	Isabela	387	667
718	Reyna	386	725
719	Teresa	386	657
720	Jolene	385	926
721	Marjorie	385	910
722	Myah	385	655
723	Clare	383	727
724	Claudia	383	661
725	Leanna	382	698
726	Noemi	382	743
727	Corinne	381	739
728	Simone	381	675
729	Alia	380	724
730	Brenda	380	634
731	Dorothy	380	808
732	Emilie	380	561
733	Elin	379	815
734	Tori	378	697
735	Martha	377	803
736	Ally	376	607
737	Arely	376	717
738	Leona	376	734
739	Patricia	376	680
740	Sky	376	887
741	Thalia	375	848
742	Carolyn	374	791
743	Emory	373	799
744	Nataly	373	624
745	Paityn	373	666
746	Shayla	373	672
747	Averi	372	730
748	Jazlynn	372	679
749	Margot	372	944
750	Lisa	371	773
751	Lizbeth	370	702
752	Nancy	369	689
753	Deborah	368	814
754	Ivory	368	866
755	Khaleesi	368	1021
756	Elliot	367	842
757	Meadow	367	971
758	Yareli	367	658
759	Farrah	366	615
760	Milania	366	796
761	Janessa	365	695
762	Milana	365	772
763	Zoie	363	663
764	Adele	362	644
765	Clarissa	362	708
766	Hunter	362	930
767	Lina	362	862
768	Oakley	362	928
769	Sariah	362	669
770	Emmalynn	361	840
771	Galilea	361	794
772	Hailee	361	721
773	Halle	361	694
774	Sutton	361	832
775	Giana	359	684
776	Thea	359	1139
777	Denise	358	760
778	Naya	358	1023
779	Kristina	357	770
780	Liv	357	927
781	Nathaly	357	811
782	Wendy	357	703
783	Aubrielle	355	829
784	Brenna	355	682
785	Carter	355	859
786	Danika	355	752
787	Monroe	354	763
788	Celia	353	765
789	Dana	353	728
790	Jolie	353	769
791	Taliyah	353	812
792	Casey	352	726
793	Miley	352	388
794	Yamileth	352	802
795	Jaylene	351	722
796	Saylor	350	906
797	Joyce	349	824
798	Milena	349	843
799	Zariyah	349	775
800	Sandra	348	766
801	Ariadne	347	1224
802	Aviana	346	884
803	Mollie	346	710
804	Cherish	345	781
805	Alaya	344	797
806	Asia	344	741
807	Nola	342	786
808	Penny	342	993
809	Dixie	341	876
810	Marisol	341	792
811	Adrienne	339	776
812	Rylan	339	816
813	Kori	338	943
814	Kristen	338	713
815	Aimee	337	756
816	Esme	337	929
817	Laurel	337	873
818	Aliza	336	931
819	Roselyn	336	821
820	Sloan	336	867
821	Lorelai	335	800
822	Jenny	334	804
823	Katalina	334	870
824	Lara	334	872
825	Amya	332	638
826	Ayleen	332	747
827	Aubri	331	849
828	Ariya	330	918
829	Carlee	330	744
830	Iliana	330	787
831	Magnolia	330	981
832	Aurelia	329	833
833	Elliott	329	904
834	Evalyn	329	934
835	Natalee	329	686
836	Rayna	329	740
837	Heather	328	837
838	Collins	327	1000
839	Estrella	326	651
840	Rory	326	903
841	Hana	325	768
842	Kenna	325	997
843	Jordynn	324	809
844	Rosie	324	883
845	Aiyana	323	733
846	America	323	777
847	Angeline	323	853
848	Janiya	323	790
849	Jessa	323	1188
850	Tegan	323	851
851	Susan	321	844
852	Emmalee	320	778
853	Taryn	320	738
854	Temperance	320	892
855	Alissa	319	731
856	Kenia	319	864
857	Abbigail	318	745
858	Briley	318	764
859	Kailee	318	735
860	Zaria	318	813
861	Chana	316	788
862	Lillianna	316	750
863	Barbara	315	838
864	Carla	315	858
865	Aliya	314	754
866	Bonnie	313	1053
867	Keyla	313	805
868	Marianna	313	901
869	Paloma	312	755
870	Jewel	311	899
871	Joslyn	311	720
872	Saniyah	311	827
873	Audriana	310	939
874	Giovanna	310	962
875	Hadleigh	310	1054
876	Mckayla	310	715
877	Jaida	309	782
878	Salma	309	822
879	Sharon	309	882
880	Emmaline	308	961
881	Kimora	308	783
882	Wynter	307	949
883	Avianna	306	920
884	Amalia	305	932
885	Karlie	305	905
886	Kaidence	304	979
887	Kairi	304	855
888	Libby	304	895
889	Sherlyn	304	670
890	Diamond	303	712
891	Holland	302	1158
892	Zendaya	302	1305
893	Mariyah	301	784
894	Zainab	301	967
895	Alisha	300	869
896	Ayanna	300	830
897	Ellison	300	946
898	Harlee	300	942
899	Lilyanna	300	919
900	Bryleigh	299	839
901	Julianne	299	819
902	Kaleigh	299	850
903	Miya	299	877
904	Yasmin	299	818
905	Anniston	298	1156
906	Estelle	298	978
907	Emmeline	297	1026
908	Faye	297	1010
909	Kiana	296	795
910	Anabel	295	900
911	Zion	295	820
912	Tara	294	912
913	Astrid	293	989
914	Emerie	293	940
915	Sidney	292	911
916	Zahra	292	897
917	Jaylin	291	742
918	Kinslee	291	1123
919	Tabitha	291	759
920	Aubriella	290	1002
921	Addilynn	289	1066
922	Alyvia	289	806
923	Hadlee	289	889
924	Ingrid	289	893
925	Lilia	289	909
926	Macey	289	921
927	Azaria	287	913
928	Kaitlynn	287	841
929	Neriah	287	954
930	Annabell	286	958
931	Ariyah	286	845
932	Janae	286	828
933	Kaiya	286	973
934	Reina	286	1094
935	Rivka	286	957
936	Alisa	285	1052
937	Marleigh	285	970
938	Alisson	284	950
939	Maliah	284	793
940	Mercy	284	854
941	Noa	284	1012
942	Scarlette	284	874
943	Clementine	283	1100
944	Frida	283	1213
945	Ann	282	916
946	Sonia	282	863
947	Alannah	281	861
948	Avalynn	281	1182
949	Dalia	281	1046
950	Ayva	280	1226
951	Stevie	280	1113
952	Judith	279	996
953	Paulina	279	825
954	Azariah	278	1104
955	Estella	278	888
956	Remy	278	1125
957	Gwen	277	947
958	Mattie	277	1038
959	Milani	277	1090
960	Raina	277	894
961	Julieta	276	1136
962	Renee	276	902
963	Lesly	275	834
964	Abrielle	274	945
965	Bryn	274	798
966	Carlie	274	871
967	Riya	274	1007
968	Karter	273	1377
969	Abril	272	868
970	Aubrianna	272	817
971	Jocelynn	271	801
972	Kylah	271	963
973	Louisa	271	1022
974	Pyper	271	1035
975	Antonia	270	1030
976	Magdalena	270	1138
977	Moriah	270	948
978	Ryann	270	994
979	Tamia	270	956
980	Kailani	269	964
981	Landry	269	1063
982	Aya	268	1045
983	Ireland	268	984
984	Mercedes	268	860
985	Rosalyn	268	1240
986	Alaysia	267	987
987	Annalee	267	933
988	Patience	267	891
989	Aanya	266	1070
990	Paula	266	847
991	Samiyah	266	880
992	Yaritza	266	852
993	Cordelia	264	1194
994	Micah	264	878
995	Nala	264	1064
996	Belen	263	898
997	Cambria	263	1004
998	Natalya	263	976
999	Kaelynn	262	1005
1000	Kai	262	915
